0 0.10727272727272727 0.7950819672131147 0.16363636363636364 0.2677595628415301
0 0.2963636363636364 0.7978142076502732 0.15636363636363637 0.26229508196721313
0 0.49636363636363634 0.7978142076502732 0.16363636363636364 0.26229508196721313
0 0.6963636363636364 0.8005464480874317 0.1781818181818182 0.2459016393442623
0 0.8945454545454545 0.7950819672131147 0.16727272727272727 0.2568306010928962
0 0.1 0.48360655737704916 0.14909090909090908 0.20218579234972678
0 0.3018181818181818 0.48633879781420764 0.16 0.19672131147540983
0 0.5036363636363637 0.48633879781420764 0.1709090909090909 0.20765027322404372
0 0.6981818181818182 0.47540983606557374 0.17454545454545456 0.2185792349726776
0 0.8927272727272727 0.4808743169398907 0.16363636363636364 0.22950819672131148
0 0.10909090909090909 0.1830601092896175 0.13090909090909092 0.21311475409836064
0 0.30363636363636365 0.17759562841530055 0.13454545454545455 0.21311475409836064
0 0.49454545454545457 0.17759562841530055 0.13090909090909092 0.1912568306010929
0 0.6945454545454546 0.17486338797814208 0.13090909090909092 0.19672131147540983
0 0.8945454545454545 0.17759562841530055 0.13090909090909092 0.1912568306010929