0 0.3737904603337579 0.8943661985139858 0.09764076892705693 0.1635274607105856
0 0.5851323230223074 0.7093146865222739 0.1370524239536897 0.25393844499482016
0 0.744772985682528 0.7847341017427014 0.18773678693180665 0.33272272456432467
0 0.21042184064436004 0.8254878817219817 0.18773678693180676 0.33272272456432467
0 0.05859243949830404 0.7619862696447072 0.09888448502239199 0.2510274607105856
0 0.21285687626098407 0.340625 0.42571375252196814 0.68125
0 0.8775596445380834 0.5837751075336698 0.1992760054751485 0.33984601984959484
0 0.6586698396703989 0.5066177179538053 0.1445971748759967 0.24827064185166686
0 0.4886892561301953 0.5101965980186478 0.14868047936098408 0.2673117402800903
0 0.6894675101504667 0.25399783209799437 0.1287969781197625 0.20960624813797324
0 0.5608069785834607 0.34202017866439094 0.12888581498371507 0.21585624813797324