0 0.15517853997137943 0.817201186554607 0.18669297163928134 0.29031766298095846
0 0.35231393516745124 0.8338031122618965 0.17878581761077403 0.28410657492927976
0 0.5606472685007846 0.848358033683068 0.1863615751865317 0.2846358447991403
0 0.7691463000604928 0.8657146995992224 0.20051890097979774 0.2685706008015552
0 0.9401726343931532 0.8674426595954553 0.11965473121369351 0.26511468080908945
0 0.12871318458888828 0.4928082803211099 0.16756469905476964 0.2210773050594188
0 0.3391061555425358 0.5103364283006556 0.17859693896565626 0.2161893916823917
0 0.5493334282698086 0.5250236671892924 0.1906233682347921 0.2283469328508193
0 0.7513221505158243 0.5278179998444319 0.19507403992817016 0.23997520414938608
0 0.9310592319425363 0.5472608346426303 0.1378815361149274 0.24975103090343997
0 0.11995607665735107 0.18096986765843587 0.14928809802087514 0.23111776674840315
0 0.32227619535611657 0.1894460184953936 0.15307597680875384 0.2313824016833336
0 0.5211398317197529 0.20333935257923905 0.14796251220987633 0.20839049402113038
0 0.7293074668267114 0.21505336490950147 0.14829390866262618 0.21407231220294856
0 0.9319126211407407 0.23244919542158202 0.1361747577185187 0.20839049402113038