0 0.0611171806909585 0.8036035420380017 0.122234361381917 0.296407373755322
0 0.23615967362547594 0.8049683733565866 0.1798234004923669 0.29066365471006667
0 0.456159673625476 0.8030407791421135 0.18782340049236676 0.2907337490451384
0 0.6760781798703472 0.8041252331204113 0.20333443796159373 0.27280164855865524
0 0.8902411673806048 0.7962261132717 0.18366041298210917 0.2846746054920607
0 0.05727336220252838 0.4603001423971698 0.11454672440505675 0.22397802845867243
0 0.25144996171016154 0.4615423086293792 0.18186755036927513 0.21840954525109665
0 0.47344996171016157 0.4595971908311381 0.19419352538979046 0.23056287952478854
0 0.6877759367306768 0.44567397459688446 0.1985195004103057 0.24264611946340872
0 0.8996129492204192 0.4498405711030251 0.1828454754308209 0.2545541235643495
0 0.061837012489742355 0.12897484119235056 0.12367402497948471 0.23602622122975672
0 0.26265875603971833 0.12116333926247873 0.15435651290004807 0.236236504234972
0 0.47265875603971835 0.11932336296684527 0.14970456285901743 0.21210507152526742
0 0.6927402497948472 0.11438372055960101 0.14986755036927502 0.2181291679108096
0 0.9126587560397184 0.11546817453789897 0.14970456285901743 0.21210507152526742