0 0.27568000616565097 0.6032110178753143 0.08617444192107998 0.1832591986962073
0 0.2474905258192116 0.7829547872418877 0.07974609778460946 0.1753993434950437
0 0.3665021920097575 0.6428545939678615 0.07396924568487967 0.18780975856415041
0 0.3768174825914865 0.9366370195050553 0.07375208167263277 0.1267259609898895
0 0.15256422951759974 0.42346836364780144 0.07353491766038586 0.1742962450506369
0 0.1548983809318023 0.7362786797814822 0.07685767173474457 0.18160455102959708
0 0.7003531236867762 0.7021461353547265 0.07664050772249767 0.1748477942728403
0 0.6187178436825991 0.37189293567648085 0.07707483574699148 0.18836130778635374
0 0.7479362184487505 0.549360309970022 0.07664050772249767 0.1748477942728403
0 0.7569158780116705 0.876787238061623 0.07375208167263277 0.18105300180739364
0 0.8774803392332722 0.7369628193986986 0.07642334371025077 0.16809103751608356
0 0.3960273033750058 0.4566298424556329 0.08928003198319177 0.18381074791841073
0 0.8626152455644991 0.41856792799782583 0.07375208167263313 0.18105300180739364