0 0.25075528700906347 0.5427631578947368 0.07854984894259819 0.16447368421052633
0 0.2175226586102719 0.7236842105263158 0.07250755287009064 0.15789473684210525
0 0.338368580060423 0.5657894736842105 0.06646525679758308 0.17105263157894737
0 0.338368580060423 0.8782894736842105 0.06646525679758308 0.16447368421052633
0 0.13595166163141995 0.3881578947368421 0.06646525679758308 0.15789473684210525
0 0.1283987915407855 0.694078947368421 0.06948640483383686 0.16447368421052633
0 0.6631419939577039 0.5657894736842105 0.06948640483383686 0.15789473684210525
0 0.5936555891238671 0.2565789473684211 0.06948640483383686 0.17105263157894737
0 0.7145015105740181 0.40789473684210525 0.06948640483383686 0.15789473684210525
0 0.7129909365558912 0.7269736842105263 0.06646525679758308 0.16447368421052633
0 0.8353474320241692 0.569078947368421 0.06948640483383686 0.1513157894736842
0 0.3731117824773414 0.3782894736842105 0.08157099697885196 0.16447368421052633
0 0.8308157099697885 0.2598684210526316 0.06646525679758308 0.16447368421052633