0 0.5836236933797909 0.9085714285714286 0.08710801393728224 0.16
0 0.3885017421602787 0.7457142857142857 0.12195121951219512 0.22285714285714286
0 0.24390243902439024 0.8342857142857143 0.1672473867595819 0.30857142857142855
0 0.7317073170731707 0.8314285714285714 0.1672473867595819 0.3028571428571429
0 0.8954703832752613 0.7571428571428571 0.13937282229965156 0.22285714285714286
0 0.7526132404181185 0.36 0.43902439024390244 0.64
0 0.12020905923344948 0.6514285714285715 0.17770034843205576 0.29714285714285715
0 0.31881533101045295 0.5657142857142857 0.1289198606271777 0.21714285714285714
0 0.4738675958188153 0.5571428571428572 0.13240418118466898 0.2342857142857143
0 0.2874564459930314 0.33714285714285713 0.11498257839721254 0.18285714285714286
0 0.4059233449477352 0.4085714285714286 0.11498257839721254 0.18857142857142858