0 0.5907407407407408 0.8653281262790155 0.09259259259259259 0.13350235806468522
0 0.38333333333333336 0.7418124327341543 0.12962962962962962 0.2539764720222667
0 0.22962962962962963 0.8311092739508 0.17777777777777778 0.30266599089883006
0 0.7481481481481481 0.7664228980568553 0.17777777777777778 0.30266599089882984
0 0.9222222222222223 0.6867799283098812 0.14814814814814814 0.2562866997327647
0 0.7685185185185185 0.3262577957587542 0.46296296296296297 0.6525155915175084
0 0.09814814814814815 0.676780183378263 0.18888888888888888 0.3406374933787871
0 0.30925925925925923 0.558980172844439 0.13703703703703704 0.24880300213085604
0 0.4740740740740741 0.529272804757592 0.14074074074074075 0.26755773059978494
0 0.2759259259259259 0.31923614369894526 0.12222222222222222 0.21036945410879915
0 0.40185185185185185 0.3797461074626806 0.12222222222222222 0.2164670150844089