0 0.7600214760754374 0.43520925271067046 0.08544263315448983 0.18938805395871117
0 0.7954463443113808 0.6270615595523147 0.07888767292634948 0.18141314870913997
0 0.6651836904403448 0.47227395025802416 0.07238975024537529 0.19486681488814017
0 0.664280595943546 0.8115596645437384 0.07237073772965323 0.18772395774528303
0 0.8846512767308539 0.2515431958259607 0.07235172521393117 0.180581100602426
0 0.8919371293903003 0.5826459928354253 0.07563871158586256 0.18813998179864017
0 0.31387650089786107 0.5169965359939043 0.07561969907014032 0.18099712465578302
0 0.38993348782960907 0.17171369705240702 0.07565772410158444 0.19528283894149726
0 0.25877724571963534 0.35264037347240224 0.07561969907014032 0.18099712465578302
0 0.2594891256352192 0.6988609328742951 0.07237073772965323 0.18772395774528303
0 0.12759248483607843 0.5442813356066832 0.0756006865544182 0.17385426751292588
0 0.6281438477920187 0.2734867983002014 0.0887106070106988 0.1898040780120683
0 0.13338803385932976 0.207943013812362 0.07237073772965319 0.18772395774528314